1 1 1 1 1
9 9 9 9 9 1 1 1 1 8 8
8 8 8 8
8 8 8 8 8 8 8 8 4 4 4 2 2 2 2 2 2
6 6 6 6
10 10 10 10 10 10 15 5 5 5 5 5 5 5 15 10 10 10 10 10 10 10 10 10 10 10 10 9 9
9 9 9 9 9 9 15 6 6 6 6 6 6 6 14 8 8 8 8 8 8 8 8 8 8 8 8 10 10 10 10 10 10 15 5
15 5 5 5 5 5 5 5 15 10 10 10 10 10 10 10 15 5 5 5 1 5 5 5 5 5 5 15 10 10 10 10 10 10 10
10 10 15 5 5 5 5 5 5 5 5
8 12 6 3
6 3 1 9 9 9 9 9 9 9 9 9 9 9 9 9 2 2 2 2 6 4 4 4 4 9 9 9 9 9
9
9 9 9 9 9 9 9 9 9 9 9 9 9 9 9 9 9 9 9 9 9 9 9
8 12 6 3 1 1 3 6 12 8 8 8 8 8
8 8 8 8 8 8 8 8 8 8 8 8 8 1 1 1 1 1 1 1 1 1 1 1 1 1 1 3 6 12
6 12 8 8 12 6 3 1
9 9
9 9 9 9 9 9 9 9 9 9 9 9 9 9 9 9 15 6 6 6 6 6 6 6 6 6 6 6 6 6 6 6 7 1 1 1 1 1 1 1
1 1 1 1 1 1 1 1 1 1 9 8 8 8 8 8 8 8 8 8 8 8 8 8 8 8 10 2 2 1 1 1 2 2
2 2 2 8 8 8 4 4 4 4 4 4 2 2 2 2 2 6 4 4 4 4 4 8 8 8 8
8 8 8 8 8 8 12 12 12 12 12 12 12 12 14 14 14 14 14 14 14 14 15 15 15 15 15 15 15 15 15 1 1
1 1 1 1 1 1 1 1 3 3 3 3 3 3 3 3 7 6 6 6 6 6 6 6 14 8 8 8 8 8 8 8 12 12 12 12 12 4 4 4
4 4 6 6 6 6 6 6 6 6 15 9 9 9 9 9 9 9 9 15 15 15 15 15 15 15 15 15
7 7 7 7 7 7 7 7 7 6 6 6 6 6 6 6 6 6
9 9
9 9 9 8 9 9 9 9 9 8 8 1 1 1 1 1 8 8 8
1 1 1 1 1 1 1 1 1 1 1 1 1 1
1 1 1 8 8 8 8 8 8 8 8 8 8 8 8 8
10 10 10 10 10
1 1 1 1 1 1 8 8
8 8 8 8 8 8 1 1 1 8 8 8
8 8 8 8 8 1 1 1 1 1 1 1 1
1 1 1 1 1
8 8 8 8 8 8 8 8 8 8 8
8 8 8 4 4 4 1 1 1 1 1 1 1 5 5 5 5 5
10 10 10 10 10 6 6 6 6 6 9 9 9 9 9 5 5 5 5 5 10 10 10 10 10
10 6 6 6 6 6 9 9 9 9 9 15 15 15 9 15 6 6 9 9 9 9 13 4 6 2 7 5 15 10
15 10 14 4 6 2 7 5 15 10 15 5 5
8 8 8 8 8 8 8 1 1 1 1 8 8 8 1 1 1 8 8 8 1 1 1 8 8 8 9 9 9 9 3
8 8 8 8 8 8 8 9 1 1
1 1 1 1 1 1 1 1 1
1 1 1 1 1
2 2 2 2 2 2 2 2 2 2
1 1 8 8 1 1 8 8 1 1 1 1 8 8 1 1 8 8 1 1 1 1 8 8
8 1 1 8 8 1 1 8 8 1 1 8 8 1 1 8 8 2 2 2 2 2 2 2 2 10 8 8 8 8 8
4 4 4 4 1 1 1 1 1 1 13 12 8
2 2 2 1 1 1 4 4 1 1
2 2 8 8 2 2 8 8 8 8
8 8 12 12 12 3 3 3 8 8 8 8 8 3 3 3 3 15 12 12 12 5 1 1 1 1 1 1 1
12 12 12 12 3 3 3 3 7 7 15 9 15 6 6 15 15 15 1 1 8 8 4 4 1 1 8 8 8 8
1 1 1 1 1 1 3 6 14 8 8 9 11 2 2 2 6 4 4 4 5 1 1 1 3 2 2 2 6 4 4 4 4 4 6 3 9 12 14
12 14 7 11 13 14 15 15 15 15 15 1 1 1 13 12 12 4 2 2 2 6 6 9 9 9 9 9 8 8 9 9 9 5 5
5 9 9 9 9 9 1 1 3 3 10 10 10 12 12 12 12 12 12 12 8 8 3 3 3 5 5 3 3 3 3 3 1
3 1 1 10 10 5 5 5 10 10 10 10 10 10 10 2 2 9 9 9 6 6 5 5 5 5 5 4 4 9 9
9 9 9 12 12 5 5 5 5 5 1 1 10 10 10 2 5 5 5 1 9 9 10 10 10 5 5 5 5
5 5 5 5 5 1 1 1 1 9 9 9 8 8 8 8 8 8 9 9 9 1 1 1 1 1
5 5 5 1 9 12 6 3 11 10 10 8 8 9 9 9 8 8 3 3 10 10 10 10 10 3 3
1 1 1 1
1 1 1 1 1
2 2 2 2 10 8 8
4 4 4 4 4 4 4 4 4 4 4 4 4 4 4 4 6 2 2 2 10 8 8
4 4 4 4 4 4 4 4 4 4 4 4 4 4 4 4 4
2 2 2 2 10 8 8 4 4 4 4 4 4 4 4 4 4 4 4 4 4 4 4 6 2
6 2 2 2 10 8 8 4 4 4 4 4 4 4 4 4 4 4 4 4 4 4 4 4
8 8 8 8 8
4 4 4 4 4 4
4 4 4 1 1 1 1 1 1 1
4 4 4 4 4 4 4
1 1 1 1 1 1 1
4 4 4 4 4 4 4
1 1 1 1 1 1 1 4 4 4 4
4 4 4 4 4
9 9 9 9 9 9 9 9 9 9 9 9 9 9 9 9 9 9 9 9 9 9 9 6 6 6 6 6 6 6 6
6 6 6 6 6 6 6 6 6 6 6 6 6 6 6 6 6 6 6 6 6 6 6 6 6 5 5 5 5 5 5 5 5 5 5 5 5 5 5
5 5 5 9 9 9 9 9 9 9 9 9 9 9 9 9 9 9 10 10 10 10 10 10 10 10 10 10 10 10 10 10 10 10 10 10 10 8
4 4 4 4 4 4 4
4 4 4 4 4 4 4 4 4
8 8 8 8 8 8 8
8 8 8 8 8 8 10 2 2 2 2 2 6 4 4 4 5 1 1 1 1 1 1 8 8 8 8 8 8
8 8 12 4 4 4 4 4 6 2 2 2 10 8 8 8 8 8 8 4 4 4 4 4 4 4 4 4 4
4 2 2 2 2 2 1 1 1 1 1 1 1 1 1 1 1 1 1 1 1 1 1
8 8 8 8 8 8 10 2 2 2 2 2 6 4 4 4 5 1 1 1 1 1 1
1 2 2 2 2 2 2 3 1 1 1 1 1 3 2 2 2 10 8 8 8 8 8 12 4 4 4 4
4 4 4 4 12 8 8 8 12 4 4 4 6 2 2 2 3 1 1 1 1 1 1 1 1 1 1 1 1 1 1 1 3 2 2 2
2 2 2 2 2 2 6 4 4 4 4 4 4 4 4
8 8 8 8 8 8 8 8 8 8 8 8 8 8 12 4 4 4 4 4 4 4 4 4 4 4 4 4 4 4 4
4
4 4 4 4 4 4 4
8 8 8 8 8 4 4 4 4 4 4 4 8 8
8 8 8 8 8 8 8 8 8
8 8 8 8
8 8 8 8 8 8 8 8 8 8 8 8 8 8 10 2 2 2 2 2 2 2 2 2 2 2 2 2 2 2 3 1 1 1 1 1 1 1 1 1
1 1 1 1 5 4 4 4 6 2 2 2 2 2 2 2 10 8 8 8 12 4 4 4 5 1 1 1 1 1 1 1 3 2 2 2 6 4 4 4
4 4 12 8 8 8 8 8 8 8 10 2 2 2 6 4 4 4 5 1 1 1 5 4 4 4 12 8 8 8 12 4 4 4 6 2 2 2 2 2
2 2 2 2 3 1 1 1 1 1 1 1 1
8 12 6 3 9 12 6 6 12 9 3 6 12 9 3 6 12 8 8 8 8 8 8 8 8 8 8 8 8 8 8 8 8 8 8 8 8 8
8 8 8 8 8 8 8 8 8 2 2 2 2 2 2 2 2 2 2 2 2 2 2 2 1 1 1 1 1 1 1 1 3 2 2 2
2 2 2 2 2 2 6 4 4 4 4 4 4 4 4 4 4 4 12 8 8 8 12 4 4 4 4 4 4 4 12 8 8 8 8 8 8 8 12 4
12 4 4 4 6 2 2 2 3 1 1 1 9 8 8 8 10 2 2 2 2 2 2 2 2
4 6 3 3 10 12 6 3 5 6
5 6 6 12 9 3 6 12 8
1 1 1 1 1
8 8 8 8 8 8
8 8 8 8 8 8 8 8 8
8 8 8 8 8 8 8 8
8 8 8 8 8 8 8 8 8
8 8 8 8 8 8
8 8 8 8 8 8
8 8 8 8 12 6 3 9 12 6 6 12 9 3 6 12 9 3 6 4
4 4 4 4 4 4 4 4 4
2 2 2 2 2 2 2 2 2
3 3 3 3
4 4 4 4 2 2 2 2 3 1 1 8 8 8 4 4 4 4 6 2 2 2 3 1 1 1 1 1
8 8 8 8 8 8 8 1 1 1 1
8 8 8 8 8 1 1 1 1 3 2 2 2 2
8 8 8 8 8 8 8 8 8 8 8 8 8 8 8 8 9 1
4 4 2 2 1 1 1 1 1 1 1 1 1 1 1
1 1 1 8 8 8 2 2 2 4 4 4 2 2 2 2 2 2 8 8 8
8 1 1 1 1 1 1 2 2 2 2 2 2 8 8 8 1 1 1
1 1 1 2 2 2 1 1 1 8 8
1 1 1 1 1 1 1 1 1 1 1 1 1
1
8 8 8 8 10 2 2 2 6 4 4 4 5 1 1 1 1 1 1 1 1 1 1 1 1 1 1 1 5 4 4 4 6 2 2 2 10 8
10 8 8 8 9 1 1 1 9 8 8 8 8 8 8 8 8 8 8 8 8 8 8 8 8 8 8 8 10 2 2 2 6 4 4 4 5 1 1 1
1 1 1 1 1 1 1 1 1 1 1 1 1 1 1 1 1 1 1 1 1 1 1 1
8 8 8 8 8
8 8 12 4 6 2 2
4 4 4
6 6 6 8 8 8 8 8 8 8 8 12 4 4 4 4 4 4 4 6 2 2 2 2 2 2 2 3 1 1 1 1 1 1 1
1 1 3 2 2 2 6 4 4 4 12 8 8 8 9 1 1 1 1 6 6 1 1 1 1 1 1
1 1 1 1 3 2 2 2 2 2 2 2 2 2 2 2 2 2 2 2 10 8 8 8 8 8 8 8 10 2 2 2 2 2 2
10 10 10 10 15 5
15 5 5 5 15 10 10 10 15 5 5 5 15 10 10 10 15 5 5 5 5
9 9 9 9 9
1 1 1 1 1
9 9 9 9 9 9 9 9 9 9 9 9 9 9 9
4 4 4 4 4
9 9 9 9 9 9 9 9 9 9 9 9 9 9 9 9 9
9 9 9 9 9 9 9 9 9 9 9 9 9 9 9 9 9 9 9 9 9 9 9 9 9 9 9 9 9
9 9 9 9 9
6 6 6 9 9 9 9 9 9 9 9 9 9 9 9 9 9 9 9 9 9 9 9 9 9
9 9 9 9 9 9 9 5 5 5 5 5 5 5
9 9 9 9 9 9 9 9 9 9
6 6 6
6 6 6 6 6 6 6 6 6
9 9 9 9 9 9 9 9 9 9
4 4 4 4 4
2 2 2 2 2 2 2 2 2 2 2 2 2
2 2 2 6 4 4 4 4 4 4 4 4 4 4 4 4 4 4 4 4 4 5 1 1 1 1 1 1 1 1 1 1 1 1 1 13 12 12 8 8
8 8 8 8 8 8 8 10 10 10 8 9 9 9 8 10 2 2 2 2 2 2 2 2 2 2 2 2 2 10 8 8 8 8 8 8 8 8 8 8
8 8 8 8 8 8 8 8 8 14 6 6 6 6 4 6 6 6 6 6 4 6 6 6 6 7 1 9 9 9 9 9
8 8 8 8 8 8 4 4 4
8 8 8 8 8 8 8 8 8 8 4 4 4 4 4
4 4 4 4 4 4 4 4 4 4 4 4
3 3 3 12
12 12 12 12 12 12 12 12 12
8 8 12 4 4
1 1 1 8 8 10 2 2
1 1 1 8 8 10 2 2
4 4 4 4 12 8 10 2 2 8
8 8 8 8 8 8 8 8 10 2 3 1 1 8 8 8 8 8 8
8 8 8 8 10 2 2 2 2 2
4 4 4 4 4 4
4 4 4 4 4 4 4 4 4 4 2 2 2 2 2
2 2 2
2 2 2 1 1 1
8 8 8 8 8 8 8 8 8 8 4 4 4 4 4 4 4 4 4 4
1 1 1 1 1
8 8 8 8 8
8 8 8 8 12 12 12 12 14 14 14 6 3 1 1 1 1 1 1 1 1 1 1 1 1 1
1 1 1 1 1 1 1 1 1 1 1 1 3 2 6 4 6 2 3 1 9 8 8 8 8 8 8 8 8 8 12 4 4 4 4 4 12 8 8 8
8 8 8 8 8 8 8 8 8 8 8 8 8 8 9 1 1 1 1 1 1 1 1 1 1 1 1 1 1 1 1 1 1 1 3 2 6 4 12 8
12 8 12 4 6 2 3 1 3 2 2 2 2 2 2 2 6 4 4 4 4 4 4 4 12 8 8 8 8 8 12 4 4 4 4 4 4 4 4 4
4 4 5 1 1 1 1 1 1 1 1 1 1 1 1 1 1 1 3 2 2 2 2 2 2 2 6 4 4 4 4 4 4 4 5 1 1 1 1 1
1 1 1 1 1 1 9 8 8 8 12 4 6 2 2 2 2 2 3 1 1 1 1 1 3 2 2 2 6 4 4 4 4 4 4 4 4 4 4 4
4 4 4 4 4 4 6 2 2 2 2 2 2 2 6 4 12 8 8 8 8 8 12 4 4 4 4 4 4 4 4 4 4 4 4 4 4 4 4 4
2 2 2 2 2 2 2 2 2 2 2 2 2 2 2 2 6 6 6 6 6 6 6 6 6 6 6 6
6 6 6 6 6 6 6 6 6 6 6
9 9 9 9 9
2 2 2 2 2
4 4 4 4 4 4 4 4 4 4 4 4 4 4
4 4 4 4 4 4 4 4 12 8 8 8 8 8 8 8 8 8 8 8 12 4 4 4 4 4 4 4 6 2 2 2 2 2 2 2 2 2 2 2
2 2 3 1 1 1 3 2 2 2 6 4 4 4 6 2 2 2 2 2 2 2 10 8 8 8 8 8 8 8 12 4 4 4 4 4 4 4 4 4
4 4 4 4 4 4 4 2 2 2 2 2 2 2 2 2 2 2 2 2 2 2 2 2 2 2 2 2 2 2 2 2 2 2 2 2
8 8 8 8 8 8
8 8 8 8 8 8 8 8 8 8 8 8 8 8 8 8 8
4 4 4 4 4 4 4 4 4 4 4 4 4 4 4 4 6 6 6 6 6 6 6 6 6 6 6 6
6 6 6 6 6 6 6 6 6 6 6
5 5 5 5 5
10 10 10 10 10 12 12 12 12 12 9 9
9 9 9 9 9 1 1 1 1 1 8 8 8 8 8
5 5 15 10 10 5 5 15 10 10
3 3 15 12 12
10 10 15 5 5 3 3 15 12 12 12 12 15 3 3
3 3
3 3
3 3 3 3 3 3 3 3 3 3 3 3 3 3 3 3 3
8 8 8 8 8 8 8 8 12 4 4 4 4 4 4 4 6 2 2 2
2 2 2 2 2 2 3 1 1 1 1 1 1 1 5 4 4 4 4 4 4 4 4 4 4 4 4 4 4 4 4
1 1 3 2 2 8 8 8 8 8 8 8 8 12 4 4 4 4 4 4 4 6 2 2 2
2 2 2 2 2 2 3 1 1 1 1 1 1 1 5 4 4 4 4 4 4 4 4 4 4 4 5 1 1 1 5 4 4 4 4 4 4 4 4 4
4 4 4 4 4 8 8 8 8 8 8 8 8 12 4 4 4 4 4 4 4 6 2 2 2 2 2 2 2 3 1 1 1 1 1 1 1
1 1 5 4 4 4 4 4 4 4 4 4 4 4 5 1 1 1 5 4 4 4 4 4 4 4 4 4 4 4 4
1 1 1 1 1
4 4 4 4 4
8 8 8 8 8 8 8 8 12 4 4 4 4 4 4 4 6 2 2 2 2 2 2 2 3 1
3 1 1 1 1 1 1 1 1 4 4 4 4 4 4 4
1 1 1 1 1 1 3 2 2 2 2 2
2 2 2 8 8 8 8 8 8 8 8 8 8 8 8 8
3 3
3 3 3 3 3 3 3 3 3 3 3 3 3 3 3 3 3 3 3 3 3 3 3 3 3 3 3 3 3 3 3 3 3 3 3 3 3 3 3 3
8 8 8 8 8 8 8 8 8 8 8 8 8 8 8 8 8
8 8
8 8 8 8 8 8 8 8 8 8 4 4 4 4 5 1 1 1 3 2 2 2 2 2 2 2 2 2 2 2 2
1 1 1 1 3 2 2 2 10 8 8 8 8 8 8 8 8 4 4 4 4 4
4 4 4 4 4 4 8 8 8 8 10 2 2 2 2 2 2 2 2 2 2 2 2 2 2 2 2
8 8 8 8 8 8 8 8 8 8 4 4 4 4 4 1 1 1 1 5 4
5 4 4 4 4 4 4 4 4 4 4 4 4 8 8 8 4 4 4 4 4
1 1 1 1 1 1 1 1 2 2 2 2 2 4 4 4 4 4 8 8 8 8 8 8 8 8 8 8 1 1
1 1 1 1 5 4 4 4 4 4 4 4 4 8 8 8 8 8 8 8 8 8 8 8 8 8 8 8 8 8
8 8 8 4 4 4 4 4 1 1 1 4 4 4 4 4 4 4 4 4 4 4 4 4 2 2
2 2 2 2 6 4 4 4 12 8 8 8 8 8 8 8 8 4 4 4 4 4 4 4 4 4 4 4 4 4 8 8 8
8 2 2 2 2 2 2 2 2 2 2 2 2 2 2 2 2 2 1 1 1 1 1
1 8 8 8 8 8 8 8 8 8 8 8 8 4 4 4 4 4 1 1 1 4 4 4 4 4 4 4 4 4 4 4 4
4 4 4 1 1 1 1 3 2 3 1 1 1 1 2 2 2 2 6 4 4 4 4 4 4 4 4 4 4 4 4 4 4 4 4 4
4 4 4 4 4 4 4 4 4 4 4 4 4 4 4 4 4
12 12 14 14 3 3 3 3 15 12 12 12
2 2 2 2 2
4 4 4 4 12 8 12 4 12 8
12 8 12 4 12 8 12 4 4 8 8 8 8 8
8 8 9 1 1
7 7
7 7 7 11 11 11 13 13 13 14 14 14 15 15 15
4 4 4 2 2 4 4 4
8 8 4 4 4
4 4 4 4 4 4 4
4 4 4 4 4 4 4 8 8 4 4
4 4 4 4 4 4 4 4 4 8 8 4 4 1 1 1 1 4 4 4
4 4 4 4 4 4 2 2 4 4 8 8 4 4 4 4 4 4 4
4 4 10 10 5 5
5 5 10 10 5 5
4 4 4 4 4 4 12 8 8 8 8 4 4 4 4
4 8 8 8 8 8 4 4 4 4
8 8 8 8 8 8 8 8 8 8 8 4 4 4 4 5 5 5 5 15
5 15 15 15 15 15 15 15 15 4 4 12 12 12 8 8 8 8
1 1 1 1 2 2 3 1 1 1 1 1 1 1 1
3 3 3 1 1 1 1 1 1 1 1 1 1 1 1 1 1 1 1 1 1 1 1 1 1 1 1 1 1 1 1 1 1 1 1 8 8 8 8
8 8 8 8 8 8 8 8 8 8 8 8 8 8 8 8 8 8 8 8 8 8 8 8 8 8 8 8 8 8 1 1 1 1 1 1 1 1 1 1
10 10 10 10 10 10
10 10 10 1 1 1 1 1 5
5 5 5 5 5 5 5 5 5
9 9 9 9 9 9 9 9 9
9 9 9 9 9 9 9 10 10 10 10 5 5 5 5 5 8 8 8 8
8 8 8 8 8 8 8 8 8 8 8 8 8
2 2 2 8 8 8 8 8
8 8 8 8 8 8 8 8 8 4 4 5 1 3 2 10 8 8 8 13 5 5 8 8 8 8 8 1 1 1 1 1 1
1 1 1 1 1 4 4 12 8 9 1 9 9 13 4 6 2 2 2 2 2 2 2 2 2 2 2 2 2 4 4
4 4 5 1 3 2 10 8 8 8 13 5 5 8 8 8 8 8 1 1 1 1 11 10 14 12 13 9 13 12 15 3 7 5 13 9
13 9 11 3 11 8 8 8 8 8 8 8 8 8 8 8 8 8 4 4 5 1 3 2 10 8 8 8 13 5 5
5 8 8 8 8 8 1 1 1 1 1 1 1 1 1 8 12 12 4 12 12 8 12 14 2 2 2 2
2 2 2 2 2 2 2 2 2 4 4 5 1 3 2 10 8 8 8 13 5 5 8 8 8 8 8 1 1 1 1
1 1 1
8 8
8 8 8 8 8 8 8 8 8 8 8 8 8 8 8 8 8 8 8 8 8 8 8 8 8 8 8 8 8 8 8 8 8 8 8 8 8 8 8 8
4 4 4 4 1 1
