3 12 3 8 4 2 1 9 2 4 2 12 3 12 8 4 1 2 4 2 3 12 3
3 1 2 8 15 15 15 15 15 15 15 2 4 8 4 2 4 2 4 3
3 4 2 4 15 6 1 8 1 8 1 5 10 4 2 6 11 4 2 4 2 4 3 8 9 2 4 8
4 8 1 2 4 8 1 4 8 1 4 2 8 4 6 6 9 6 9 4 10 8 2
2 2 8 14 3 12 6 8 1 8 2 3 4 2 1 15 3 12 8 5 8 1 2 6
6 2 1 2 2 1 1 2 1 1 4 4 15 3 12 3
3 9 2 8 4 9 3 4 2 6 2 4 2 1 10 4 1 8 2 1 8 4 2 8 2 4 3 4 2 8
2 8 2 4 8 4 1 2 4 8 4 2 1 2 4 8 4 10 1 2 4 8 2 4 2 4 9 2 4 2 6 6 13
13 11 2 4 2 8 1 8 2 4 8 4 3 8 2 4 8 1 2 4 2 1 8 4 2 2 5 4
4 2 1 8 4 2 4 2 1 2 8 4 1 6 9 4 9 6 15 15 2 8 1 2 4 2 4 2 4
2 4 2 4 2 5 5 2 9
1 2 4 8
4 4 9
2 8 6 6 6 3 12 3 9 2 4 1 2 8 5 2 4 2
2 4 2 8 4 8 7 3 10 5 6 4 2 4 2 4 2 8 5 2 5 2 1
8 2 4 4 4 2 2 2 12 4 9 6 4 4 1
4 1 4 9 2 9 4 9 2 8 4 2 1 8 4 2 1 8 4 2 1 8 4 2 1 4 15 1 1
1 2 4 12 15 4 4 4 2 4 2 2 2 2 4 2 2 5 2 15
15 4 9 4 8 1 1 2 4 8 3 8 3 8 4 6 4 2
2 4 4 2 4 2 2 2 4 2 4 2 4 4 3 12 3
1 8 8 9 6 9 1 4 2 8 2 4 1 4 1 4 2 1 2 4 8 4 2 1 2 4 8 4 2 1
2 1 8 2 1 4 8 4 2 1 2 4 8 4 2 1 9 2 4 2 6 2 4 2 12 3 1 3 2 4
2 4 2 1 2 4 8 3 12 12 1 2 4 2 8 4 2 4 8 1 2 1 2 4 8 1 4 8 5 2 4 8 4 2 1 2 4
2 4 8 4 2 1 8 1 3 4 1 2 4 4 2 10 3 4 2 1 2 4 2 4 2 4 2 4
4 9
14 7 4 2 4 8 2 4 8 4
4 4 4 2 1 2 1 1 2 2 4 8 4 1 2 1 7
4 2 1
2 4 8 4 2
1 6
2 4 2 4 2
2 9 15 12 9 3 6 7 12 12 9 3 2
2 2 4 4 4 5 2 2 2 4 4 2 4 4 2 3 12 12 3
3 12 6 12 3 12 3 12 3 12 4 5 2 2 4 8 2 4 8 6
6 6 4 2 1 4 2 1 6 15 2 4 2 4 2 2 4 2 4 10 4 1 2 1 2
1 2 1 2 4 2 1 4 2 4 2 8 4 8 4 8 4 2 4 2 4 8 2 4 1 2 1 2 1 8 4
8 4 2 1 2 4 2 1 2 4 10 9 1 2 4 8 4 2 1 4 1 2 4 2 4 2 4 2 4 2 4 2 4
2 4 1 4 1 4 1 6 9 6 9 9 3 12 3 12 3 1 2 4 8 4 2 1 2 4 1 15
15 9 2 9 6 1 10 1 2 12 2 1 10 1 8 4 2 12 2 4 8 4 2 1 2 8 2 4 8 4 8 2 4 2
4 2 1 2 1 4 4 2 4 9 2 1 2 4 2 4 1 2 4 8 4 2 1 2 4 8 4 2 1 2 4 2 8 4
8 4 2 1 2 4 8 4 2 1 2 4 1 2 4 1 2 4 8 4 2 1 2 4 8 4 2 1 2 4 8 2 4 8 2
2 4 8 12 3 12 3 12 2 1 2 4 8 2 4 2 1 2 4 8 2 4 2 8 4 2 4 1 4 2 4 9 4
9 4 2 1 8 2 4 1 2 1 4 8 2 8 5 2 4 2 1 4 2 8 4 2 1 4 2 1 2 4 6 2 4 2 4
2 4 1 8 2 4 1 4 8 8 2 1 2 4 8 4 2 1 9 2 1 2 9 2 1 2 9 2 4 2 4 8 4
4 2 1 2 4 8 4 10 1 3 4 8 2 4 2 1 8 2 4 2 4 2 4 2 8 10
5 9 6 10 5
5 9 6 9 6
2 4 8 5 2 4 2 4 2 4 2 5 2 4 2 1 2 4 8 4 2 1 2 4 8 4
2 4 8 4 2 2 4 4 2 2 4 4 2 2 4 4
1 2 8 4 1 2 8 4 2 1 4 8 2 1 4 8 3 8 3 4 9 2 9 4 3 8 3 4
4 9 2 9 4 3 8 3 4 9 2 9 4 3 8 3 4 9 4 3 4 9 2
9 2 12 2 9 12 3 6 9 6 9 2 12 2 9 12 3 6 9 6 1 12 2 5 2 9 12
12 3 6 9 10 4 9 2 12 2 9 9 9 9 6 6 6 6 2
4 2 4 2 4 2 4 2 12 3 12 3 12 3 12 3 9 2 13 2 12 3 14 5
5 10 4 2 9 4 3 1 10 5 2 4 11 6 9 6 13 2 12 1 2 13
13 4 2 5 6 9 4 2 13 2 12 1 14 3 12 2 4 11 5 10 1
1 12 3 4 2 13 2 6 1 14 1 10 4 2 13 2 1 2 4 8 2 1 4 8 7
7 2 13 6 8 6 13 6 3 1 14 3 4 8 6 13 10 7 2 13 3
3 8 5 11 4 2 5 2 4 11 6 9 5 14 3 13 2 13 6 1 6 11
11 12 5 2 13 2 4 9 6 13 6 1 14 4 11 6 8 3 14 9 2 12 6
6 13 3 4 11 4 2 4 8 12 8 8 6 4 4 3 2 2 9 1 1 12 3 10 5 14
14 3 1 1 6 2 2 12 4 4 9 8 8 3 6 12 6 11 12 3 12 3
12 3 13 2 2 12 1 10 4 9 2 13 2 2 12 1 10 4 10 1 14 1 1 12
12 2 5 8 3 4 11 4 2 1 10 4 2 1 12 3 12 3 12 3 12 3 13 2 2 12 1 10 4
4 9 2 13 2 2 9 4 10 1 12 1 14 1 1 12 2 5 8 3 8 13 2
13 2 4 2 13 2 4 8 1 2 4 8 1 2 4 8 7 2 13 6 8 6 13 6 3 1 14 3 4
3 4 8 6 13 10 7 2 13 3 8 5 11 4 2 5 2 4 11 6 9 5 14
14 3 13 2 13 6 1 6 11 12 5 2 13 2 4 9 6 13 6 1 14 4
4 11 6 8 3 14 9 2 13 6 13 3 4 11 4 2 4 11 4 2 1 8
4 2 8 4 2 1 2 4 8 2 4 1 2 4 8 4 8 4 2 1 2 4 8 4 2 1 2 4 8 2 8 2 4 1 2 4
2 4 8 4 2 1 4 2 8 4 1 4 2 8 2 4 1 4 2 8 2 4 1 4 1
10 1 10 10 2 9 4 2 4 9 4 2 1 6 8 1 2 12 2 1 8 6 1 8 4
9 4 2 1 8 4 8 2 2 10 1 2 4 8 1 2 8 1 2 1 4 1 8 4 2 4 8
4 8 4 2 1 4 1 8 1 2 4 8 1 2 4 2 1 8 2 4 8 1 4 8 1 2 4 1 2 4 1 2 4 3 4
4 2 5 8 2 4 4 1 2 5 10 8 4 2
9 2 4 10 1 8 6 1 9 2 4 8 6 1 8 1 8
6 1 8 10 1 5 2 9 4 10 1 1 5
1 4 8 9 2 4 9 2 4 9 4 2 9 4 2 9 4 2 9 4 2 9 2 4 9 2 4 9 2 4 9 9 9 4 2 9
8 8 1 4 8 2 4 8 8 9 2
2 4 6 7 4 2 10
10 2 6 14 3 1 3 7 8 4 10 8 12
12 14 5 1 5 13 4 2 9 8 10 11 4 2
3 8 10 4 10 1 8 5 8 6 8 4 9 2 9 4 10
2 4 8 4 2 1 10 4 2 9 4 2 4 2 1 4 2 1 2 5 8 3 4 1 10 4 2 4 2 4 8 4 2 4
8 8 2 2 1 8 4 4 3 6 2 5 2 9 4 5 5 8
8 8 5 2 4 2 9 4 2 4 9 1 1 12 2 1
2 1 2 9 4 2 4 3 4 4 9 4 2 4 3 8 4
8 4 8 5 2 2 12 2 1 2 9 4 2 4 2
8 2 4 1 8 2 4 1 8 2 9 5 8 5 2 4 1 2 9 4 8
8 3 4 2 1 4 2 9 2 4 10 1 2 4 8 4 3 12 9 2 4 1 2
1 2 8 4 2 1 12 2 5 8 4 2 1 6 1 8 5 8 4 2 1 2 9 2
8 9 4 3 4 9 2 12 2 9 4 9 2 9 4 9 2 12 2
2 5 2 12 2 5 2 9 4 10 4 3 4 10 4 1 4 1 6 8
8 3 4 9 2 8 2 1 2 8 2 1 8 4 1 6 8 3 4 9
9 2 8 2 1 2 8 2 1 10 4 3 4 9 2 12 2 9 4 9
9 2 9 4 9 2 12 2 5 2 12 2 5 2 9 4 10 4 3 4
4 10 4 1 4 1 6 8 3 4 9 2 8 2 1 2 8 2 1 8
8 1 6 8 4 3 10 1 2 8 1 2 8 1 2 9 2 8 4
4 1 8 5 10 5 2 4 8 5 2 8 4 1 2 5
5 10 5 2 4 8 6 9 6 1 8 4 1 4 3 12 3 4
4 2 8 5 3 4 8 2 1 8 3 12 3 4 2 8 5
1 10 4 8 2 4 1 12 1 2 5 10 4 1 8 3 4 1 10 4 8 2
8 2 4 1 12 1 2 5 10 4 1 2 9 4 1 10 4 8 2 4 1 12
12 1 2 5 10 4 1 8 5 2 4 8 1 2 4 2 8 4 2 1 4 2 1 6 9 6
6 9 2 4 8 4 2 1 10 2 4 8 4 2 12 1 2
1 2 12 2 4 8 4 1 10 4 2 2 4 9
2 4 8 4 2 12 1 2 1 2 12 2 4 8
8 4 1 10 4 2 2 4 9 2 4 8 4 2
2 4 1 2 1 2 12 2 4 8 4 1 8 4
2 2 4 9 2 4 8 4 2 4 2 9 4 2
2 1 2 12 2 1 4 8 2 4 1 8 4 2 1 12 6 3 9
9 4 3 4 9 4 2 9 4 9 2 4 9 4 3 4 2 9 2 4 9 2 5 2
2 12 2 4 9 4 10 4 2 9 4 3 4 2 9 2 4 9 2 5 2 12 2 4 9
9 4 9 4 2 9 2 12 2 4 9 2 5 2 4 9 4 3 4 2 9 2 9 10
10 5 10 8 4 2 1 10 4 3 4 9 4 2 9 4 9 2 4 9 4 3
1 1 8 8 8 1 2 4 8 1 2 4 8 5 2 4 9 2 9 4
4 9 2 12 10 5 10 8 4 2 1 6 8 5 2 4 1 12 2 1
1 6 8 2 4 10 1 6 1 10 4 1 10 4 2 9 4 2 9 4 2
2 5 8 5 2 12 1 2 12 2 1 2 12 1 2 5 8 2 4 10 1 12
12 2 5 8 4 3 4 2 9 4 8 4 2 1 12 6 3 9 4
4 10 1 6 1 10 4 3 8 5 2 9 4 10 1 6 8 5 2 9
10 5
1
2 5 10 4 5 9 10 5 5 10 4 9 9 6 9 5 10
10 8 5 5 10 5 5 10 4 1 13 2 9 1 2 5 5
5 10 5 5 10 8 5 9 10 5 9 2 1 1 2 9 2
9 2 5 8 4 2 5 10 5 8 5 2 5 6 5 10 4 9 5 6 9 5 6 8
8 1 9 2 5 5 6 8 5 9 10 5 5 10 8 1 13 2
2 5 1 2 4 5 9 10 5 9 10 4 1 9 2 5 10 1
1 10 4 8 6 9 4 9 6 9 6 9 4 10 6 5 9 6 1 10 4 8 6
6 9 4 9 10 5 2 4 8 2 4 10 4 9 4 10 5 10 4 9 1 1 1 5 4
4 8 8 8 8 10 2
1 1 1 1 5 4 8 1
1 1 8 8 2 9 10 8 4 2 8 4 2 1
1 1 1 1 5 4 1 1 1 1 1 8 8 8
8 8 9 1 8 8 8 8 8 1 1 1 1 1
1 1 1 1 1 1 8 8 8 8 8
3 1 8 5 5 2 1 4 5 1 8
8 2 1 4 5 1 8 5 1 2 1 1 1 10 1
5 1 8 5 5 4 3 5 1 8 2 1 4 1
1 8 5 5 4 3 5 1 8 2 1 4 9 4 9 2 9 4
4 3 8 5 2 5 8 5 8 3 12 1 4 9 2 9 4 3 8 5
5 2 5 8 5 8 3 12 1 2 5 8 5 2 9 2 9 2 5 8
8 5 2 5 1 1 1 1 3 1 1 1 1 9 1 9 3 1 1
1 1 5 5 10 5 5 10 5 5 10 4 2 4 2 4 2 4 2 4 2 4 2 9 5 2
5 2 12 2 4 9 4 3 4 10 1 2 4 3 5 2 12 2 4 8 5 2 5 2 9 4 10 1 5 2 12 2 4 9 4
9 4 3 4 10 1 6 9 5 2 9 4 2 4 9 2 5 2 12 1 6 1 5 2 12 2 5 8 5 2 12 1 10
10 1 5 2 12 1 4 2 5 8 5 2 12 1 6 1 4 3 4 10 4 2 5 8 5 10 1 2 4 9 2 2 9
9 4 4 3 4 2 9 6 5 8 5 2 1 10 5 2 12 2 4 8 5 10 4 9 4 2 1 10 5 2
5 2 9 6 1 10 4 9 2 4 10 5 10 4 2 9 6 5 2 4 10 5 10 1 6 1
1 10 4 9 2 4 2 9 5 10 6 1 10 4 9 2 4 10 5 2 9 6 1 10 4 9 2 1
2 1 10 5 10 4 2 4 9 6 9 4 2 9 2 5 2 9 2 4 9 4 9 2 9 2 4 9 4
9 4 2 4 9 2 9 4 9 4 2 9 2 4 2 9 4 9 2 9 2 4 9 4 2 4 9 2
2 9 4 1 4 2 9 2 4 2 9 2 13 2 4 9 4 2 5 10 1 8 4 3 12 5
5 10 1 6 1 2 4 9 2 4 8 5 10 11 10 1 5 13 5 9 6 9 6 9 6
6 5 10 4 2 5 9 10 5 5 10 4 2 9 9 6 9 5 10
10 8 2 5 5 10 5 5 10 4 2 1 13 2 9 1 2 2 8 5 9
1 6 1 2 1 2 1 2 1 2 8 4 10 5 4 9 6 9 2 8 4 3
3 1 3 1 5 4 5 6 1 5 4 5 6 1 9 8 9 10
13 2 4 9 4 2 9 2 4 9 4 2 9 2 4 9 4 2 9 2 4 9 4 2 9 8 2 4 9 4 2
4 2 9 4 3 12 2 4 9 1 4 2 9 2 4 9 2 12 3 9 6 11 4 2 9 2 4 9 4 2 9
9 2 4 9 4 2 9 2 4 9 4 2 9 2 4 9 1 12 2 5 10 4 3 12 2 9 6 8 3 1 4 2
4 8 3 8 4 3 4 8 3 8 4 3 4 2 9 2 4 9 4 2 9 2 4 9 1 4 2 9 2 8 5
5 2 12 3 12 2 9 2 12 9 3 9 12 9 6 9 6 11 5 6 9 5 10 6 9
9 11 6 5 10 6 9 10 5 11 4 3 8 6 1 12 2 13 2 12 1 6 8 3 4 11 4 2 13
11 3
4 2 4 2 4 2 4 2 4 2 4 2 8 2 8 2 8 2 8 2 8
2 8 2 8 2 1 4 1 4 1 4 2 8 2 8 2 8 4 2 4 2 1 8 2 8 4 1 2 1 12
12 3 12 9 3 12 3 9 10 5 10 6 5 10 5 6 3 4 9 4 10 1 6 8
11 4 3 12 3 9 2 12 3 12 9 4 10 5 10 9 4 10 5 10 9 4 3 12 3
3 9 2 12 3 12 10 4 9 2 4 9 2 4 2 12 1 10 4 3 12 9 6 3 12 9
9 6 3 9 6 9 12 3 5 10 5 8 2 4 9 4 1 8 6 1 2 4 9 2 4 8 5 2 8 2
8 2 12 1 2 12 3 4 9 2 12 6 11 4 3 12 3 9 2 12 3 12 9 2 5 10 5 10
10 4 10 5 10 12 2 4 9 4 2 1 10 4 1 2 9 4 2 4 9 2 4 8 5 2 8 4 9 2 4 2 9 4 3 4
3 4 11 12 3 5 9 6 12 3 13 10 9 6 3 12 9 5 11 4 3 8 6 1
1 11 4 2 8 13 2 4 1 8 13 2 4 1 11 4 2 9 2 13 10 9
9 6 13 2 4 9 4 2 9 2 4 8 5 2 8 7 8 4 3 4 8 3 4 8 2 5 2 9 4 11 6
6 9 10 13 6 9 5 11 12 3 9 6 9 6 12 3 12 3 12 9 6 9 3 12 3
2 12 3 12 9 6 11 5 10 4 10 5 10 9 6 13 3 12 2 12 3 5 9
9 6 13 3 12 2 12 3 4 2 9 2 4 9 6 8 5 2 8 2 12 1 4 2 9 2 8 4 3 8 2
8 2 5 8 4 2 9 4 1 8 6 1 8 2 5 8 2 9 4 1 8 6 1 8 2 5 8 2 4 9 2 8 5 2 8 1 6 8
6 8 1 12 3 4 10 1 12 3 4 11 4 3 12 3 9 2 4 9 4 2 1 10 4 3 12 9 6 1 2
12 13 2 4 1 8 13 2 4 8 4 2 13 2 4 2 1 8 13 2 4 11 5 11 12
9 2 4 1 4 8 1 4 1 2 4 1 4 1 4 8 1 8 4 1
1 4 2 1 8 1 4 2 1 8 4 1 4 1 2 4 1 4 8 1
1 4 1 2 4 1 4 1 4 8 1 4 2 1 8 4 1 4 1 2
2 4 1 8 4 1 4 9 4 2 8 4 1 2 4 1 8 4 2 1 4 2 8 4 1 2 4
2 4 1 4 8 2 1 4 2 8 4 1 2 4 1 8 4 2 1 4 2 8 4 1 2 4 1 4 8 2
2 1 4 2 8 4 1 2 4 1 8 4 2 1 4 2 8 4 1 4 2 1 4 8 2 1 4 2 8
8 4 2 4 2 1 8 4 2 1 4 2 8 2 4 1 2 4 8 11 4 1
1 10 5 1 8 2 5 8 5 4 8 1 12 2 1
1 1 8 4 2 5 10 5 9 2 1 12 9 1 2 4
4 1 10 5 1 8 2 5 8 9 1 4 2 8 2 8
8 1 5 8 2 5 8 9 1 2 4 1 8 9 1
1 2 4 3 8 5 4 8 8 5 10 5 9 4 1
5 10 4 1 1 8 2 1 12 9 1 2 4 1 10 1
1 1
4 8 4 2
1 2 4 8 9
1 8 4 2 8 4 4 1 8
8 2 1 4 1 8 1 1 10 1 4 8
4 1 2 8 1
1 1 1
4 4 2 8 2
2 4 4 8
4 4 2 9 4 2 8 4 1 2 4 1 8 4 2 1
1 4 2 8 4 1 2 4 1 4 8 2 1 4 2 8 4 1 2 4 1 8 4 2 1 4 2 8 4 1
4 1 2 4 1 4 8 2 1 4 2 8 4 1 2 4 1 8 4 2 1 4 2 8 4 1 4 2 1 4 8
8 2 1 4 2 8 4 2 4 2 1 8 4 2 1 4 2 8 2 4 13 1
1 10 8 4 1 2 4 1 5 2 2 10 5 8 3 3 12 2 4
4 1 2 4 1 5 2 4 9 10 9 5 4 10 8 4 1 2 4
4 1 5 2 1 5 10 4 9 5 10 8 4 1 2 8 5 5 2
2 1 6 9 10 9 13 1 10 4 1 2 4 1 4 5 2 1 10
10 5 8 6 6 9 2 4 1 4 2 1 5 2 4 9 10 9 5
5 1 10 8 1 2 4 2 1 5 2 1 10 5 8 3 3 12 2
2 4 1 2 5 1 9 4 10 1 2 4 10 1 2 4 9 2
9 2 8 4 3 8 8 2 5 4 8 2 10 1 10 4 9 6 8 4 2 9 4 2 1 12 2 1 4 9 2 4 1
4 1 6 8 4 2 9 4 2 1 6 8 5 2 9 2 2 4 9 4 4 2 9 2 4 8 3 4 1 4 9 4 2 1 12 2 1 4 9 2
9 2 4 8 6 1 2 4 9 4 2 4 9 4 2 1 12 2 1 2 9 4 2 4 9 4 2 1 12 2 1 2 12 1 10 5
5 9 4 10 1 2 4 9 2 4 8 3 4 2 1 12 2 2 4 9 8 4 2 10 1 10 4 9 12 2
12 2 1 2 9 4 2 1 6 8 4 2 9 2 4 1 10 4 2 1 6 8 4 2 9 4 3 4 9 2 2 4 9 4 4 2 9 2 4 8
4 8 3 4 1 4 9 4 2 1 6 8 4 2 9 2 4 8 3 4 8 2 9 2 4 2 5 8 1 2 12 1 2 4 3 4 8 2 9 4
9 4 2 1 10 4 2 1 12 2 1 2 12 1 6 8 1 2 12 1 4 8 1 4 1 2 4 1
1 4 1 4 8 1 8 4 1 4 2 1 8 1 4 2 1 8 4 1
1 4 1 2 4 1 4 8 1 4 1 2 4 1 4 1 4 8 1 4
4 2 1 8 4 1 4 1 2 4 1 8 1 8 4 1 4 8 2 4
4 1 2 1 4 2 4 8 2 1 2 4 8 4 2 4 2 1 2 4
4 8 4 2 1 2 4 8 2 1 4 8 2 4 1 2 1 4 2 4
4 8 2 1 2 4 8 4 2 8 4 2 1 4 1 2 4 8 1 2
9 4 1 8 5 2 4 8 10 8 4 2
4 9 4 2 1 2
2 4 9 1 10 4 8 5 10 9 6 8 2 4
2 4 8 1 4 9 2 12 1 2 4 9 2 4 1 2 4
2 4 5 2 8 4 3 8 2 4 11 1 8 2 1 2 4 9 2
2 8 5 10 1 10 4 9 2 12 1 10 4 9 2 4 8
8 4 2 5 8 10 4 1 10 4 2 1 2 4 8 5 10 1 2 4
4 9 4 2 4 1 2 4 9 5 2 4 8 5 2 4 2
9 2 9 4 10 4 2 9 6 9 14 1 2 4 8 1 2 3
6 8 5 2 9 4 2 9 10 3 13 2 4 1 2 8 4 9
6 1 10 4 9 2 4 9 5 12 2 12 4 3 2 12 1 10 4 8 8 4
8 9 5 9 6 2 4 2 13 1 2 4 8 1 2 4 8 2 4
2 4 11 4 2 1 1 2 4 11 4 2 8 1 2 4 11 4 2
4 2 1 2 4 1 10 4 9 13 2 9 4 2 9 2 4 11 4 2 9 4 2
4 2 4 2 4 8 4 2
4 2 1 8 2 4 1 2 4 2 4 8 1 4 2 8 4 2 1 2 8 4 1 2 4 2 1 2
2 4 1 2 4 2 1 4 1 2 8 4 8 4 8 4 8 4 2 4 9 4 2 9 4 2 4 2 1 2 4
9 2 12 12 3 3 13 2 4 2 8 4 2 4 3 8 4 2 8 2 4 1 2 8 4 2 1 4 2 8 1 2 8 4
8 4 1 2 4 8 4 2 8 4 1 2 4 2 9 4 10 10 9 12 2 4 11 4 2 5 8 4 2 4
2 4 9 2 4 2 13 2 5 5 9 10 4 2 13 2 4 10 1 2 4 8 1 2 4 8
4 8 7 8 4 1 2 4 8 7 5 10 10 13 2 9 2 4 11 10 5 5 11 4 9 2
1 2 8 1 12 1 10 1 12 1 2 8 1 12 1 8 2 8 5 6 1 2 8 1 12
12 1 10 1 12 1 2 8 1 12 1 4 2 4 9 5 8 2 1 8 5 8 3 8
8 5 8 2 1 8 3 8 1 4 1 10 6 1 4 2 1 6 1 6 1 6
9 8 2 4 9 6 8 2 4 2 4 9 6 8 2 4 9 3 8 2 4
2 4 2 5 3 8 1 4 10 6 1 8 1 2 1 10 5 8 1 4 9 6 1 8 4 1 6 5
5 8 4 2 9 3 4 8 2 4 8 3 5 8 1 4 9 6 1 4 8 1 6 5 8 4 2 9
9 3 4 8 2 4 8 6 9 4 1 4 9 5 2 8 4 2 11 2 4 9 6 8 5 2 4 2
4 2 9 6 9 2 4 3 6 1 10 4 2 8 5 6 9 4 2 9 10 4 9 2 4 2 9 6 9
9 4 2 12 5 2 9 4 2 4 9 2 12 2 5 3 4 9 9 6 9 2 8 6 9 12 2 9 10 4 3 6 9
6 9 6 8 1 12 3 5 2 12 1 4 2 9 4 1 2 9 4 2 1 12 1 2 4 8 2 4 2 8 4 2 4 2 12
12 9 4 1 8 1 2 4 9 2 12 2 9 2 2 8 1 8 5 8
8 1 4 1 8 4 3 4 9 2 9 4 2 8 1 2 12 2 9 9 2 4 1 8
1 8 4 2 1 4 9 2 4 1 8 4 9 10 9 9 2 4 1 8 4 2 1 8
4 2 4 1 8 8 4 8 2 4 2 8 2 1 8 4 1 2
2 1 4 2 4 2 1 2 4 2 1 2 1 2 4 1 8 1 8
4 4 8 4 2 4 8 4 8 4 1 2 8 2 4 10 4 1
1 4 1 4 1 6 1 10 4 1 4 1 2 1 2 4 2 9 4 1 4 1 4
4 1 6 1 10 4 1 4 1 4 1 8 13 2 4 8 6 9 2 4 1 6 13
13 2 4 1 12 3 4 8 1 6 11 1 6 4 11 4 2 4 11 4 2 4 1 2 4 9
9 9 8 5 8 8 3 4 9 2 4 9 1 10 1 1 12 2 9 4 2 9 8
8 5 8 8 3 4 9 2 4 9 8 5 8 2 5 4 8 1 4 2 9 8 3 4 4 9
9 4 9 2 4 9 1 12 2 2 9 2 9 4 2 9 8 3 4 4 9 2 9 4 2
2 9 8 5 8 2 5 2 8 11 10 5 2 8 2 5 10 5 2 12 5 10 3 4 8 2
8 2 5 12 3 4 10 5 10 3 4 8 2 5 10 5 2 12 3 10 5 2 8 4 1 10 4 9 2
9 2 12 5 12 3 4 8 2 5 10 5 2 12 5 10 5 2 8 4 3 12 3 4 10 5 12
12 3 4 8 2 5 10 5 2 12 3 8 4 2 12 1 2 4 3 8 4 2 4 2 8 5 4 11 4 2 9
9 4 11 4 2 10 2 13 2 4 9 4 11 4 9 2 5 4 11 4 2 9 4 11 4 2
2 9 2 1 12 2 1 10 9 5 3 4 10 2 13 2 4 9 2 13 2 4 5 4 11 4
14
4 8 4 2
4 2 1 2 4 8 2 1 4 8 2 1 4 9 8 9 1 5 4 6 2 10 8 9 1 1
1 6 9 4 1 8 6 9 9 6 9 4 9 2 9 4 9 2 9 6
6 3 12 12 3 12 12 9 6 12 3 3 12 3 3 6 9
10 9 4 2 4 2 9 6 1 2 4 8 4 9
9 4 2 4 2 9 6 8 4 2 1 2 9 6 9 6 9 6 9 6 6 8 4 2 1 2
4 2 8 1 6 9 4 2 4 2 9 6 9 6 9 2 4 2 4 9 6 9 6
6 9 6 9 6 6 9 9 9 4 2 4 2 9 9 6 9 2 8 1
8 1 4 2 8 1 4 2 8 1 4 2 8 1 4 2 8 1 4 2 8 1 4 2 8 1 4 2 8 1 6 6 9 6 9 6
9 6 6 9 6 9 6 15 6 8 1 4 2 8 1 4 2 8 1 4 2 8 1 4 2 8 1 4 2
4 2 8 1 8 8 8 6 6 9 6 9 15 6 9 6 15 6 12
12 6 3 6 6 4 1
4 1 4 1 8 2 8 2 4 1 4 1 8 2 8 2 3 12 3 4 2 1 2 4 8 4 2
4 2 8 4 2 1 2 4 8 6 10 5 8 2
8 2 8 2 9 6 1 4 1 4 10 8 2 8 2 4 1 4 1 8 2 8 2 4 1 4 1 4 5
5 10 6
6 4 2 8 2 4 2 8 2 4 2 4 1 4 2 4 1 4 2 4 1 4 2 9 6
6 9 6
6 4 2 4 2 8 1 8 1 4 2 10 9 4 2 8 2 4 2 4
2 4 2 4 1 4 1 4 2 4 2 9 6 9 9 4 2 4 2 8 1 8 1 4 2
4 2 4 2 4 3 12 3 8 2 4 1 2 4 11 13 11 11 13 13
1 2 4 8 4 1 8 4 1 2 8 4 1 2 8 4 1 2 8 4 1 2 4 8 2 1 4 8 2
8 8 8 1 1 8 12 12 12 12
9 8 3 8 8 9 8 3 8 8 6 4 3 4 4 6 4 3 4 13 2 12 2 2
2 10 2 12 2 2 12 1 6 1 1 3 12 3 12 3 3 12 3 1 12 1 1 5 1 12
8 8 3 12 3 9 2 4 8 5 2 4 2 9 4 2 1 10 4 2 4 3 8 4 8 5 2 4 2 12 1 2
1 2 1 10 4 2 4 11 4 2 1 10 4 2 4 9 2 4 8 5 2 4 2 12 1 2 1 10 4 2 4 3 12 3 12 3 12 3 12
3 12 1 2 4 9 4 2 8 5 8 4 2 5 2 8 4 9 2 4 2 9 2 4 2 9 4 2 4 9 2 8 4 11 4 2 1 12 2 1
2 1 8 3 12 3 12 3 12 3 12 1 8 4 2 8 4 3 12 3 12 1 4 4 4 8 8 8 4
4 1 8 1 2 1 1 1 2 1 2 1 2 8 4 4 4 8 4 8 2 4
4 2 1 4 4 4 4 8 4 8 4 4 1 4 1 2 2 2 1 2
2 1 4 2 1 2 4 2 4 3 12 3 12 3 2
2 4 11 1 4 1 1 6 9 2 1 4 2 8 2 8 1 5 1 2 9 2 1 4 8 9 4 1 4
1 4 4 9 6 8 4 1 1 4 9 4 2 6 1 2 1 1 6 9 4
4 1 2 1 4 1 4 1 3 1 4 9 1 4 1 2 1 1 1 4 1
1 2 1 8 11 7 7 7 14 2 13 11
11 11 11 14 14 14 7 4 11 13 13 13
7 2 12 3 12 3 2 13 3 14 4 3 12 3 3 3
3 12 12 3 12 3 12 3 12 3 12 1 2 4 9 3 1 9 2 4 2 9
2 9 4 2 4 9 2 4 8 5 2 1 2 12 2 1 4 10 4 10 4 8 1 6 1 12 1 2 4 9 4 2 8 5 2 8
2 8 2 12 2 12 1 2 4 3 12 3 12 3 12 3 4 1 12 1 4 2 12 1 2 4 10 1 2 4 9 4 2 4 3
8 1 2 8 1 8 4 3 12 3 3 4 1 8 4 2 13 2 4 1 8 2 4 1 10 1 4 1 8 1 2 4 3
4 3 2 2 4 8 4 2 4 11 4 2 1 2 8 4 8 3 4 2 8 1 4 2 4 3 2 2 2
2 2 5 1 12 1 2 4 11 4 2 4 9 2 4 2 12 1 2 4 3 8 4 2 13 8 5 2 4 8 3 8 5 2 12
2 12 1 10 4 3 12 3 12 3 12 3 12 1 1 1 4 5 8 1 4
8 4 2 2 2 8 3 4 2 8 2 1 6
6 1 4 1 1 6 9 2 1 4 1 2 1 2 1 5 1 2 9 1 2 2 8 1 1 1
1 2 1 4 8 4 8 1 2 4 2 9 2 4 9 4 1 4 4 9 6 8 4 1
4 1 4 8 4 8 4 5 4 8 6 8 4 8 6 1 4 1 1 6 9 2 1 4 1
1 6 1 8 12 2 8 2 2 12 3 4 2 8 2 4 2 4 2 10 2 4 3
3 4 2 2 4 1 1 1 2 1 1 2 1 2 4
2 4 8 12 6 3 12 6 3 9 2 4 2 5 8 4 2 9 4 2 4 10 1 2 4 9 4 2 8 3
8 3 4 2 1 12 2 4 8 3 8 4 2 12 1 2 4 9 4 2 1 10 4 8 4 3 8 4 2 5 2 8 4 3 8 4 2 9 4 2
4 2 1 12 2 1 8 5 2 4 2 9 4 2 4 3 8 4 2 9 2 4 8 5 2 1 8 3 4 2 1 6 8 4 2 12 2 1 4 9
2 1 8 1 2 1 8 3 3 12 3 12 5 8 4 2 13 2 8 4 10 1 4 2 13 2 4 2 5 8 4 1 14 1 2 4 3
4 3 8 4 2 13 2 4 2 9 4 2 1 14 1 2 4 9 2 4 2 13 2 4 2 12 1 2 4 11 4 2 4 3 8 4 2 13 2 4
8 4 2 1 8 4 2 1 2 4 8 1 2 8 4 2 1
1 8 4 2 1 2 4 8 1 10 4 2 1 10
5 2 4 8 3 8 4 2 13 2 4 8 3 8 4 2 9 4
10 4 2 5 10 10 10 4 8 2 5 10 10 5 2
5 2 4 10 5 5 10 4 1 4 2 4 9 4 2 10 4
4 2 5 2 13 2 1 2 1 2 1 2 4 2 4 8 2
2 4 8 2 4 8 4 2 1 4 2 1 8 2 1 4
4 2 1 2 4 5 2 4 2 4 2 4 8 2 4 8 4
8 4 1 8 2 8 2 1 4 2 1 8 2 9 2 8
8 10 4 2 4 10 4 2 4 8 4 1 4 9 2 1 2 10 4 2
2 4 10 4 2 9 4 1 4 10 4 4 8 2 1 2 8 1 2 1 8 2 1 2
1 2 8 1 2 8 1 4 8 4 1 4 8 1 2 1 2 4 2 1 2 2 1 2 8 2 1 2 8 2 1 8 1 2 8 1 2 8
4 8 2 4 9 4 2 9 4 8
8 2 4 1 2 9 2 4 8 4 8 1
1 2 8 1 8 5 2 4 2 1
1 8 1 1 4 8 1 2 4 1
1 4 2 5 8 4 8 1 2 4 1 8 9 2 4 8
4 8 4 8 1 4 2 8 8 4 10 1 4
8 1 4 2 4 1 9 4 2 4 9 8 4 10 8 4
4 9 8 8 10 4 8 9 4 8 4 2 4 9 1 2 5 1 2 9 1 1
1 9 8 4 10 8 4 9 8 8 10 4 8 9 4 8 4 2 4 9 1
8 9 1 4 10 2 8 5 8 4 2 1 4 10 4 1 2 4 8 5 1 4 10 2 4
4 5 2 8 4 1 2 9 4 2 4 8 4 9 5 9 10 6 10 5 6 9 6 5 10 1 8
1 8 1 8 2 4 2 4 1 8 1 8
9 4 2 4 1 4 10 1 2 4 1 2 4
8 4 1 10 4 2 8 1 4 10 1 2 8 1 10 4 1 2 4 8
4 8 5 6 2 8 1 4 10 5 2 4 1 8 2 2 5 2 5
5 8 1 6 8 1 10 4 1 10 4 9 2 4 8 4 2 9 4 1 6
6 8 1 10 4 1 10 4 1 4 9 4 10 4 1 6 8 1 10
10 4 1 6 8 9 2 4 8 5 9 10 6 5 10 5 10 5 6 9
9 5 4 2 9 4 1 2 4 8 1 4 1 4 10 4 2 8 1 4 10 4 1 2 4 8 5 2 4 2 9 4 2 4
9 10 2 4 9 2 8 4 2 1 8 2 8 2 5 2 4 1 8 4 1 4 9 2 4 8 5 2 4 2 9 4 2 4
9 10 1 8 9 4 2 1 10 1 8 2 5 2 4 1 8 1 6 1 8 4 2 1 10 4 2 4 9 2 4 2
4 2 9 4 2 4 9 2 4 8 5 2 4 2 9 4 2 4 9 2 9 1 2
2 1
9 2 2 8 1 1 4 2 1 4 2 8 1 2 2
2 8 1 1 4 2 4 1 1 4 2 9 2 2 4 1 1
1 8 2 1 4 1 4 2 8 8 1 4 4 1
5 8 1 2 4
1 8 4 1 2 4 1 1 2 4 8 1
8 9 8 2 5 4 2 9 4 2 1 4 2 5 8 2 4 2 1 10 4 4 9 2 2
2 9 2 4 8 2 4 10 1 4 2 4 8 5 4 9 2 10 1 10 2 5 8 9 2 5
5 6 9 10 5 9
9 2 4 2 8 4 9 2 4 2 9 4 2 4 1 2 5 2 8 4 2 1 10 4 2 4 9 2
9 10 2 4 9 2 8 4 2 1 8 2 8 2 5 2 4 1 8 2 5 2 8 4 2 1 10 4 2 4 9 2 4 2
9 5 4 2 9 4 1 2 4 8 1 4 1 4 10 4 2 8 1 2 8 2 9 4 2 1 10 4 2 4 9 2 4 2
9 5 8 1 9 2 4 8 5 8 1 4 10 4 2 8 1 8 6 8 1 2 4 8 5 2 4 2 9 4 2 4
1 1 1 1 1 1 1 1 1 1
8 4 2 1 4 2 8 4 1 1 8 8 2 2 4 4 1 2 4 8 2 1 4 2 13 2 4 8 5 2 4 2 9 4 2 1 10 4
10 4 2 4 9 2 4 2 9 4 2 1 10 4 2 4 9 2 4 8 5 1 2 4 9 2 4 8 5 2 4 2 9 4 2 1 10 4 1 2
1 2 9 4 2 8 5 2 8 4 3 4 9 6 9 4 2 1 10 4 2 4 9 2 4 8 5 2 4 2 9 4 2 4 9 2 4 8 5 2
12 6 11 4 2 1 10 4 2 4 9 2 4 8 5 2 4 2 9 4 2 4 9 2 4 8 5 2 4 2 9 2 4 2 9 4 2 4 9 2
9 2 4 1 10 4 2 4 9 2 4 8 3 4 8 2 9 4 2 1 10 4 1 2 12 1 10 4 9 4 2 8 3 4 2 4 9 6 9 2
9 2 12 3 12 2 9 4 2 4 9 2 4 1 12 3 12 2 9 6 9 4 3 4 10 1 6 8 3 4 9 2 12 2 5 8 3 4 10 5
10 5 8 3 12 2 9 6 9 6 8 3 12 3 12 2 13 2 1 10 4 2 5 2 4 10 4 8 5 2 1 10 4 8
8 5 2 4 10 4 2 5 2 4 10 4 2 5 2 1 10 4 8 5 2 4 10 4 2 5 2 4 9 4
9 4 2 1 10 4 8 5 2 1 10 4 8 5 2 1 10 4 10 5 2 5 10 4 10 5 2 5 10 5 10
4 4 8 1 8 1 8 1 9 13 2 5 2 9
9 2 5 2 12 6 3 12 3 6 12 1 10 5 10 1 12 2 5 8
8 3 4 9 2 12 1 12 6 3 6 12 6 3 12 3 4 10 4 3
3 8 6 1 10 4 3 8 3 12 1 2 12 2 13 2 13 13 2 13
13 11 13 11 6 12 6 3 12 3 8 5 10 1 12 2 5 8 3 12
12 6 3 8 5 10 5 10 12 6 3 12 3 6 12 2 9 6 5 10
10 12 3 12 1 12 3 8 5 2 12 1 10 5 10 5 8 3 12 3
3 4 9 2 13 13 3 12 3 13 6 11 10 10 5 2
2 5 5 10 4 3 3 10 5
6 9 4 2 4 8 2 12 2 9 4 3 4 1 2 5 2
12 3 12 3 12 11 4 3 8 5 8 3 12 1 10 5 10 9
9 4 3 8 3 8 5 2 12 3 6 12 3 6 13 2 12 1
1 10 6 9 6 1 12 3 12 3 8 5 2 12
12 3 13 2 13 2 9 6 9 6 9 6 9 2 4 8 5 2 4 2 9 4 2 1 10 4 2 1 10 4 2
4 2 4 9 2 4 8 5 2 4 2 9 4 2 4 9 2 4 8 5 2 4 8 5 2 4 2 9 4 2 1 10 4 2 4 9 2 4 2 9
2 9 4 2 4 9 2 4 8 5 2 4 8 5 2 4 2 9 4 2 1 10 4 2 4 9 2 4 1 10 4 2 8 5 2 4 2 9 4 2
4 2 4 9 2 4 8 5 2 4 2 9 4 2 1 10 4 2 1 10 4 9 2 12 1 10 4 3 8 5 2 12 1 10 4 3 12 2 8 5
8 5 2 8 3 4 1 12 3 8 5 10 4 11 4 2 1 10 4 2 1 10 4 2 4 9 2 4 2 9 4 2 1 10 4 2 4 9 2 4
2 4 2 9 4 2 1 10 4 2 1 10 4 2 4 9 2 4 8 5 2 4 2 9 4 3 8 5 2 12 1 10 4 3 8 5 2 12 1 12
1 12 2 9 4 3 4 9 2 12 2 9 4 3 4 9 2 13 2 12 2 9 4 3 4 11 4 3 4 9 2 12 2 13 2 12 3 12 2 9
4 1 2 4 11 4 1 2 8 1 4 2 9 2 12 4 3 8 4 2 5 2 8
2 8 6 8 2 9 4 1 12 5 8 2 12 2 4 9 2 12 1 8 5 2 3 6 10
10 8 12 5 3 8 6 5 3 2 5 10 12 4 2 5 6 8 5 8 4 3 8
8 7 1 4 2 1 8 1 2 12 2 1 12 8 2 8 6 1 2 1 4
4 12 1 8 2 1 12 2 4 8 5 8 2 8 2 12 3 8 5 2 12 2 1 2
2 12 2 4 9 2 9 4 9 4 1 10 1 12 1 4 10 2 8 5 10 1 12 12
8 4 8 4 8 4 12 2 9 6 5 8 4 2 9
8
7 6
1 2 4 8 1 2 4 8 4 2
2 8 4 2 1 2 4 1 4 2 8 1 4 2 4 1 1
8 8
8 1
8 2 8 2 1 10 1 8
8 6 2 1 12 4 6 1 8 5 2 1 8 3 10 1 8 6 2 1
1 8 5 2 1 2 8 5 2 1 12 6 1 12 4 2 1 12 4 2
2 5 8 12 2 5 10 12 2 1 10 9 10 9 10 9 2 4 2 9 2 4
2 4 9 4 9 2 4 8 3 4 8 3 10 1 8 1 2 12 5 8 2 1 2 12 2 8 3 4 1 12
12 1 4 10 4 2 9 1 2 12 8 4 3 2 4 9 4 8 3 4 1 6 8 4 3 2 4 9 4 8
4 8 3 2 8 5 8 1 6 1 4 3 12 1 6 3 8 5 2 1 4 12 2 4 2 12 10 9
9 10 1 12 10 4 2 8 6 12 2 1 12 2 4 9 4 8 3 2 1 12 1 2 12 4 1
4 1 10 1 8 6 5 8 3 8 2 9 4 2 9 2 1 12 1 2 12 8 4 3 4 2 9 2 4 9
9 4 2 5 1 4 10 1 2 12 1 2 12 2 4 9 4 1 10 1 2 12 8 4 10 4 2 5 2 4
2 4 9 12 3 6 9 10 9 10 13 10 13 14 7 9 2 4 8 7
7 4 2 1 4 1 4 1 8 3 4 2 1 8 2 8 2 4 9 4 2 1 8
8 2 8 2 12 1 8 1 4 2 8 2 9 3 4 2 9 4 1 4 9
9 4 2 12 2 1 10 1 10 12 9 4 4 2 9 10 9 10 4 9 10 5
6 10 4 2 9 2 4 1 4
4 14 15 1 15 15 4 2 4 2 12 1
1 12 4 2 9 4 8 3 4 2 9 4 1 10 12 2 9 12 9 2 12 1 10 1 12 1 10 4 2 13
13 11 11 14 1 8 2 8 2 4 2 9 4 8 4
8 1 2 1 4 13 2 4 8
8 5 8 4 2 1 2 12 1
2 4 8 4 2 12 6
3 5 3 5 3 9
3 9 2 5 9 5 9 2 12 2 9 5 8 3
3 4 3 12 3 12 3 12 3 12 5 10 5 10 5 10 5 10 1 2 4 8
4 8 1 4 2 8 4 2 8 1 4 2 1 8 2 4 2 4 2 4 2 4 3 12 3 12 3 12 3 12 1 2 4
4 3 5 2 8 2 8 4 8 5
12 2 8 4 4 1 4 3 10 1
1 2 1 4 1 8 12 9 12 6
3 9 2 4 3 6 1 2 12 10
10 1 2 3 12 1 4 3 10 1
8 6 12 1 8 3 5 2 4 2
2 8 1 2 4 5 2 4 3 6
1 8 2 3 8 1 10 3 4 8
8 1 3 4 1 10 3 8 1 4
5 12 5 8 12 6 3 12 6 8
8 2 6 3 1 2 4 10 1 8
3 12 8 4 8 9 2 1 2 1
1 2 1 2 1
9 4 4 4 10 4 4 9 4 9 2 9 4 4 3
3 8 3 4 4 4 10 4 4 9 4 9 2 9 4 2 9 4 9 2
2 2 2 5 2 2 9 2 9 4 9 2 2 12 1 12 2 2 2 5
5 2 2 9 4 4 1 2 4 8 3 10 10 10 5 12 12 9
9 5 9 10 9 6 6 9 3 12 5 5 5 10 3 3 9 10 9 5
5 9 6 6 9 10 2 4 1 8 2 4 1 8 2 8 1 4 2 8 1 4 1 8 1 8 2 4 2 4 3 12 3 12
3 12 3 12 3 12 8 8 3 15
15 6 3 8 11 4 10 5 9 6 9 6 12 2 13 4 14 1 6 8
8 7 4 12 3 12 5 10 5 10 4 7 12 7 8 10 8 7 4 9
10 5 6 14 6 7 6 12 1 13 2 5 10 9 6 9 6 3 4 7
7 9 7 8 6 8 7 4 12 3 14 7 14 5 10 4 9 5 1
1 5 1 14 4 9 14 5 10 5 10 12 2 11 4 2 1 1 1 2
2 1 1 2 1 14 8 7 2 13 3 1 8 1 2 4 8 2 4 1 2
2 8 2 4 1 8 2 1 4 9 2 12 7 2 12 1 2 12 1 8 6 1 8 3 4 10
10 4 2 9 2 4 9 12 9 2 12 2 1 10 4 1 6 8 2 3 4 10 1 2 12 8 4
8 4 3 8 2 6 1 12 1 4 3 4 8 6 8 5 10 4 3 4 2 13 6 11 6 13
13 8 3 8 4 3 4 2 12 2 1 12 1 6 1 8 2 5 1 4 9 2 12 10 5 10 4 1
1 3 8 1 6 8 1 3 12 3 12 3 2 4 9 4 2 1 14 7 14 1 10 11 5 8 6 1
6 1 12 11 5 14 5 2 13 9 4 11 4 11 14 1 12 1 14 1 6 9 6 8 1 12 3 4 10 5
1 1 1 1 1 1
6 2 8 4 4 2 4 4 2 4 1 2 4 2 8 4 2 5 9 6 6 2 8 4
8 4 4 4 2 1 4 2 4 4 2 8 6 2 5 9 6 5 1 2 8 4 1 2 2 5 8
5 8 2 4 3 4 1 4 2 8 1 4 2 5 9 6 5 1 2 8 4 1 2 2 1 2 4 9 4 2
8 1 4 4 2 5 9 6 5 2 1 2 8 1 4 2 4 5 8 2 4 3 2 4 1 4 2 2 1 2 5 9 6
9 6 5 2 1 2 8 1 2 2 4 1 2 4 9 1 2 1 4 2 2 1 2 4 8 6 5 2 1
1 2 9 1 4 3 4 5 8 2 4 11 1 1 2 2 1 2 5 9 6 5 2 1 2 9 1 2 3
2 3 4 1 2 4 10 8 5 2 10 5 5 10 10 5 10 5 10 10 5 2 4 4 3 4 2 8 5 10 8 5 10
5 10 4 10 4 9 2 4 4 3 4 2 8 5 10 8 5 10 10 5 2 4 4 3 4 2 8 5 10 8 5 10 4 10 4 9 2 4
2 4 4 3 4 2 8 5 10 4 10 5 5 10 4 2 2 12 2 4 1 10 5 1 10 5 2 5 2 9 4 2 2 12 2 4 1 10
1 10 5 1 10 5 5 10 4 2 2 12 2 4 1 10 5 1 10 5 10 4 10 10 1 2 8 4 3 4
4 2 5 10 9 6 3 4 10 8 5 4 10 8 1 1 2 3 4 2
5 10 9 6 5 8 6 8 5 8 6 8 9 4 1 2 3 4 2 5 10 9
9 6 1 6 8 5 4 2 5 4 1 2 3 4 2 5 10 9
2 1 12 1 2 1 4 1 2 1 12 1 6 1 12 1 2 1 12 9 6 1 12 5 2 9 6
3 6 4 8 2 8 4 8 3 8 6 8 3 8 4 8 3 9 6 8 3 10 4 9 4 8 4 8 2 8 4 8 3 8 4 8 2 8
4 4 4 4 4 4 4 4 2
2 2 2 1 4 2 2 4 1 4 1 2 2 1 4 2 8 4 8 2 4 8 4 2 8
3 7 10 2 9 4 2 10 4 8 5 5 4 2 2 12 2 9 4 2 10 4 8 5 3 7 10 2 9 4
9 4 2 10 4 8 5 5 4 2 2 12 2 9 4 2 6 8 4 2 4 8 2 12 14 5 4 9 2 4 5 2 1 10
10 10 2 4 4 3 4 9 2 4 5 2 1 10 12 14 5 4 9 2 4 5 2 1 10 10 2 4 4
1 2 4 1 8 4 2 1 4 8 2 4 8 1 4 2 1 2 4 1
1 8 4 2 8 1 4 1 2 8 2 4 2 6 2 9
9 4 2 4 6 6 8 5 5 8 5 2 1 2 4 1
4 1 4 1 4 2 4 1 2 4 1 2 4 11 4 3 8 3 4 10 1 12 2 12 1 6
6 8 3 4 3 8 6 1 12 2 12 1 6 8 3 4 3 8 7 2
2 12 3 12 3 5 10 5 10 6 9 6 9 12 3 12 3 4 1 8 2 8 1
8 1 4 1 8 2 8 4 1 12 3 4 1 8 5 2
2 1 4 3 4 1 8 2 2 1 2 5 2 8 2 12
12 2 8 2 2 9 4 8 2 5 8 4 8 9 4 8
8 2 2 1 2 5 8 2 8
4 2 1 8 5 2 1 4 3 4 1 8 2 2
2 1 4 3 4 8 2 12 2 8 5 2 1 2 1 8 4 2 5
5 8 4 8 9 4 8 8 2 2 1 2 5 8 2 8
8 12 2 4 3 12 2 12 3 9 2 4 8 3 8 1 4 9 2 8
2 4 9 4 2 9 1 2 4 9 2 8 1 12 1 2 8 5 8
8 2 5 2 2 12 1 2 8 5 2 8 4 9 2 1 1
1 2 4 1 3 4 1 4 3 4 1 2 5 2 4 1 3 4 1 2
4 4 1 1 4
2 1 5 1 1
2 4 4 2 2 2 1 4 1 4
8 1 2 1 1 2 1 1 1 2
4 4 2 4 8 4 8 2 8 4
4 2 8 4 8 4 4 4 4 4
4 4 4 4 2 4 4 2
3 6 3 6 2 4 2 4 2 4
4 4 4 4 2 4 1 1 4 4
2 2 8 2 4 2 2 4 2 4
8
12 2 2
8
4 4 2 4 2 4 4 4 8 4
4 2 1 1 1 2 1 1 1 2
1 1 2 2 2 2 1 1 1 2
2 1 1 4 1 1 1 1 4 2
2 2 2 4 2 4 4 4 4 2
2 2 4 2 4 2 2 4 2 2
