2 0.161847 0.229788 -0.191541 -0.043920 -0.078173 -0.027025 -0.108986 -0.344438 0.041880 0.206984 -0.162926 -0.142243 -0.085240 -0.345583 -0.161921 0.014931 -0.256520 0.042796 -0.241073 0.095965 0.281150 -0.141805 0.095140 -0.059190 -0.010937 -0.430435 0.169967 -0.274628 0.132899 0.167824 0.261708 -0.380745 0.120735 -0.018186 -0.223550 -0.496080 -0.113282 -0.025977 -0.027563 -0.153483 -0.024127 -0.274877 0.299176 -0.046469 -0.068423 -0.119500 -0.159354 0.122096 0.018500 -0.109959
4 0.126350 0.235490 -0.151929 -0.011096 -0.084724 -0.029808 -0.117691 -0.314464 0.048191 0.187307 -0.142118 -0.108389 -0.037630 -0.312128 -0.160957 0.038262 -0.250876 0.027023 -0.195122 0.061131 0.239918 -0.135963 0.091363 -0.067823 -0.004832 -0.386536 0.098532 -0.222055 0.127438 0.173249 0.238851 -0.356800 0.110867 0.008842 -0.195621 -0.454387 -0.094326 -0.031968 -0.017493 -0.130026 -0.018749 -0.271959 0.306873 -0.046144 -0.062515 -0.112848 -0.139119 0.098499 0.011245 -0.097224
1 0.110991 0.216843 -0.136470 -0.029416 -0.056659 -0.034177 -0.114855 -0.302492 -0.004925 0.135842 -0.134725 -0.105680 -0.021124 -0.292212 -0.138456 0.070140 -0.238697 0.004108 -0.204165 0.058539 0.240388 -0.098384 0.093064 -0.077064 -0.014229 -0.370468 0.093692 -0.195311 0.138536 0.186007 0.215640 -0.327530 0.096458 0.007867 -0.189445 -0.410072 -0.078079 -0.028209 -0.022342 -0.142885 -0.003271 -0.257996 0.290008 -0.034963 -0.025889 -0.090371 -0.153919 0.073812 0.030161 -0.105886
8 0.138703 0.242939 -0.180481 -0.021537 -0.089804 -0.048818 -0.108500 -0.322219 0.008215 0.112351 -0.144393 -0.067577 -0.049360 -0.320438 -0.176527 0.057369 -0.282285 0.001271 -0.233509 0.073464 0.249807 -0.103417 0.145956 -0.099313 -0.009369 -0.384790 0.101114 -0.194051 0.153946 0.181196 0.253386 -0.339841 0.106045 -0.007373 -0.207444 -0.458409 -0.134133 -0.045975 -0.023263 -0.147573 -0.014566 -0.303542 0.318529 -0.063856 -0.027278 -0.113432 -0.133511 0.098794 0.004817 -0.087247
9 0.138339 0.162604 -0.098262 -0.005094 -0.094525 -0.054283 -0.065768 -0.252022 0.039260 0.101458 -0.070283 -0.074637 -0.100033 -0.298494 -0.154008 0.007135 -0.211292 0.025683 -0.139275 0.057493 0.201422 -0.134985 0.031958 -0.022583 0.014640 -0.362358 0.122012 -0.188958 0.134216 0.086503 0.189820 -0.293124 0.119523 0.031146 -0.203624 -0.349601 -0.077957 -0.015440 -0.015577 -0.119780 -0.024790 -0.240626 0.275011 -0.080545 -0.058679 -0.095603 -0.112845 0.084130 -0.002817 -0.046970
5 0.108219 0.175764 -0.129688 -0.031992 -0.063836 -0.039284 -0.083446 -0.235762 0.014491 0.085395 -0.080242 -0.053548 -0.017520 -0.227413 -0.112822 0.048038 -0.205257 0.001607 -0.164213 0.039833 0.199050 -0.110442 0.069765 -0.061745 0.007332 -0.293269 0.077396 -0.162572 0.128827 0.131723 0.205409 -0.278115 0.091901 0.007210 -0.170433 -0.337004 -0.078334 0.009714 -0.034098 -0.137111 -0.004982 -0.214633 0.263642 -0.046048 -0.051749 -0.085517 -0.069936 0.036858 -0.005931 -0.076466
3 0.040353 0.047922 -0.024488 -0.018201 -0.027612 -0.046559 -0.017612 -0.017013 -0.004089 -0.052412 0.018230 -0.058266 -0.038063 -0.083535 -0.005385 -0.037213 -0.031296 -0.003844 -0.026214 0.022386 0.043588 0.015702 0.045760 0.009203 0.008155 -0.048501 0.008364 -0.018468 -0.037435 0.010274 0.044626 -0.044619 0.009495 -0.026586 0.019538 -0.040985 -0.040410 -0.045969 -0.029691 0.031767 -0.035944 -0.040536 0.032592 -0.055052 0.003906 -0.022617 -0.030027 0.000531 -0.069534 0.021321
10 0.066808 0.153422 -0.089067 -0.010768 -0.052618 -0.035005 -0.077781 -0.190264 0.014728 0.085108 -0.071476 -0.039748 -0.012672 -0.199676 -0.107420 0.049578 -0.195608 -0.015474 -0.145055 0.015606 0.165700 -0.084628 0.068997 -0.043605 0.016896 -0.248994 0.023563 -0.132275 0.111900 0.146784 0.168251 -0.232543 0.051233 0.029276 -0.146558 -0.264141 -0.068562 0.009694 -0.022713 -0.104801 -0.017186 -0.190202 0.235891 -0.036360 -0.048854 -0.054355 -0.065283 0.009487 -0.005144 -0.071664
12 0.069704 0.072333 -0.044909 -0.024839 -0.035595 -0.056044 -0.035533 -0.072077 -0.014051 -0.020623 0.001543 -0.087876 -0.071927 -0.150108 -0.015976 -0.031335 -0.075528 -0.010195 -0.078488 0.029528 0.097428 0.000105 0.045952 0.014319 0.009798 -0.132420 0.053115 -0.073121 -0.010856 0.043638 0.075851 -0.107131 0.019748 -0.025644 -0.021931 -0.096975 -0.051587 -0.036043 -0.048648 0.005274 -0.037644 -0.096280 0.070814 -0.055628 -0.009677 -0.037039 -0.083282 0.017714 -0.063885 -0.001725
6 0.021179 -0.044544 0.044564 0.018816 -0.038417 -0.013544 0.042715 0.018769 -0.010547 -0.053005 0.071629 0.023830 -0.050319 -0.013528 -0.018434 -0.003193 0.032254 0.011355 0.054084 -0.013448 -0.017334 0.003250 -0.077228 0.029696 0.013274 0.002635 0.038859 0.020357 0.028383 -0.080589 -0.029405 0.044118 0.029523 0.023592 -0.025162 0.080981 0.028360 0.024462 0.003675 0.001452 0.025322 0.006434 -0.004044 -0.033445 0.012486 -0.001770 0.002904 0.021376 0.000067 0.047262
13 -0.153981 -0.260354 0.122837 0.009898 0.105193 0.080443 0.095018 0.367868 0.028858 -0.104933 0.118662 0.083678 0.047071 0.371987 0.178153 -0.099778 0.314175 0.031555 0.245252 -0.055021 -0.276409 0.115317 -0.117598 0.101895 -0.028202 0.465695 -0.105887 0.220266 -0.222748 -0.199357 -0.278843 0.371931 -0.103903 -0.041215 0.254853 0.434202 0.122333 0.013710 0.034181 0.169378 0.018089 0.365789 -0.380447 0.062175 0.006917 0.097290 0.199506 -0.106226 0.003620 0.107248
11 -0.163709 -0.249189 0.125311 0.021939 0.108252 0.071308 0.078182 0.364358 0.044195 -0.099808 0.120061 0.085647 0.086222 0.386824 0.195980 -0.089486 0.313538 0.034524 0.265746 -0.070462 -0.280347 0.097727 -0.125576 0.098970 -0.027593 0.475747 -0.125464 0.233517 -0.228485 -0.196732 -0.269042 0.354646 -0.096848 -0.028309 0.266244 0.424869 0.137562 0.019863 0.019879 0.166756 0.026545 0.367481 -0.368633 0.068141 -0.012240 0.089968 0.208597 -0.111305 0.000325 0.097446
14 -0.274421 -0.380571 0.220017 0.017939 0.211640 0.074432 0.137074 0.570094 -0.011661 -0.264125 0.160697 0.177365 0.150023 0.599752 0.311748 -0.064999 0.426287 -0.015394 0.360692 -0.083755 -0.442136 0.207278 -0.102400 0.098779 -0.040063 0.738817 -0.246393 0.408659 -0.293631 -0.243749 -0.438285 0.589480 -0.193222 -0.023527 0.419147 0.687472 0.164955 -0.001309 0.036081 0.231270 0.035246 0.527445 -0.552776 0.117185 0.061549 0.185282 0.304348 -0.204108 0.015496 0.127123
7 -0.271154 -0.365737 0.187017 0.024065 0.196154 0.059692 0.140859 0.549500 -0.023511 -0.287108 0.136309 0.230725 0.129353 0.579942 0.275952 -0.054088 0.358038 -0.051191 0.305810 -0.070172 -0.432175 0.221058 -0.031940 0.079455 -0.032094 0.726237 -0.262889 0.418558 -0.262349 -0.201463 -0.414426 0.590994 -0.217756 -0.019504 0.391805 0.661155 0.102606 -0.015023 0.030288 0.221206 0.019824 0.471791 -0.528790 0.111282 0.070963 0.196437 0.310106 -0.194747 0.015617 0.134923
15 -0.144407 -0.283862 0.357501 0.098649 -0.005123 0.077939 0.310123 0.227341 -0.149096 -0.125956 0.236592 0.166292 0.076067 0.340349 0.099520 0.075647 0.376718 -0.056681 0.283492 -0.148259 -0.334937 0.166442 -0.290432 0.009865 0.077916 0.327063 -0.040747 0.232537 0.053251 -0.304397 -0.223794 0.508350 -0.139768 0.082164 0.038316 0.723110 0.196537 0.173419 0.106916 0.072022 0.055514 0.213082 -0.305340 0.103342 0.224658 0.162948 0.017294 0.047518 0.029055 0.118391
<unk> -0.001679 -0.003143 0.000694 -0.000370 -0.000390 -0.001382 0.004920 0.003145 0.001463 -0.006235 0.003837 0.001971 0.000323 0.002383 0.000630 -0.001266 0.004910 0.001810 0.005864 0.000855 -0.004326 0.001150 -0.003815 0.000724 -0.001287 0.005228 0.000349 0.004830 -0.003074 -0.006606 -0.000017 0.006605 0.000269 -0.000016 0.000409 0.006942 0.001046 0.000330 -0.000691 -0.002436 -0.000048 0.004091 -0.003166 -0.002426 0.001012 -0.000075 0.006365 -0.000371 -0.001227 0.003772
