8 0.575348 0.229699 0.508065 0.111480 -0.013838 0.072308 -0.570505 -0.196833 -0.341202 -0.673262 -0.241678 0.246648 -0.502301 -0.386798 -0.069626 0.088915 0.602627 -0.093043 -0.456993 -0.014108 0.107736 -0.160288 0.217204 -0.056230 0.402080 0.559944 -0.287814 -0.463614 0.256248 -0.321953 0.545051 0.267607 -0.456418 0.419337 -0.370031 -0.060977 -0.187628 -0.298071 0.269143 0.036858 -0.146311 -0.180926 -0.322262 -0.052589 0.328419 -0.819938 0.276228 -0.720905 0.076674 -0.346842
4 0.435102 0.405138 0.576745 0.188306 -0.146103 0.323767 -0.500021 -0.432317 -0.321356 -0.508214 -0.325542 0.466846 -0.382241 -0.432071 -0.433680 0.155920 0.644836 -0.059002 -0.229960 0.098779 0.150340 0.036115 -0.255130 0.196217 0.407104 0.778352 -0.418420 -0.462679 0.049866 -0.463206 0.679500 0.312450 -0.383338 0.546774 -0.637609 -0.199858 0.055311 -0.254724 0.344140 0.083375 -0.051544 -0.210561 -0.373663 -0.120776 0.267007 -0.962225 0.150407 -0.590142 0.467516 -0.355887
1 0.510488 0.284586 0.087471 0.306736 -0.085621 0.009979 -0.121417 -0.293223 -0.419848 -0.370477 -0.019543 0.546225 -0.227578 -0.336564 -0.416897 0.079003 0.594296 -0.048923 -0.144261 -0.050136 0.365558 0.326457 0.053206 0.343947 0.146101 0.575483 -0.304238 -0.539287 0.049217 -0.230462 0.448269 0.312990 0.079132 0.323919 -0.137125 -0.297603 -0.031753 -0.173034 -0.050998 -0.047611 0.131805 -0.260613 -0.285022 0.028362 -0.052506 -0.591626 0.233810 -0.446549 0.118766 -0.064551
2 0.545490 0.358093 0.283236 0.360796 -0.263342 0.181614 -0.386765 -0.356448 -0.335771 -0.562672 -0.227749 0.659264 -0.417663 -0.468054 -0.533796 0.059578 0.722859 0.050446 -0.129322 0.096391 0.309181 0.320671 -0.021872 0.457037 0.282311 0.838059 -0.413008 -0.656336 0.038372 -0.388595 0.678341 0.347965 -0.098443 0.589168 -0.207404 -0.471000 -0.093352 -0.353246 -0.097758 0.111706 0.117711 -0.286536 -0.381623 -0.042321 0.027520 -0.866561 0.158655 -0.542800 0.410475 -0.229371
9 -0.007077 -0.245749 -0.380248 -0.121168 0.211821 -0.213423 0.081676 0.259369 -0.100708 -0.032241 0.270220 -0.196353 -0.175780 0.310435 0.209632 0.023240 0.047246 0.168346 -0.074768 -0.049035 -0.025105 0.166528 0.497111 -0.117025 -0.206326 -0.204995 -0.014293 -0.153625 0.111741 0.533102 -0.095723 -0.113810 0.028839 -0.081036 0.349269 -0.153518 -0.186634 -0.178109 -0.412868 -0.178633 0.227971 -0.130183 0.052287 -0.043073 0.084512 0.380520 0.375245 0.030853 -0.337295 -0.033323
6 -0.199244 0.138774 0.067227 -0.054592 -0.023078 0.245219 0.024263 -0.059488 0.311347 0.121362 -0.043821 0.067843 -0.023777 -0.044261 -0.254614 -0.003549 -0.017073 0.229483 0.253543 0.176493 -0.167780 0.145671 -0.354833 -0.046396 -0.118846 0.243216 -0.113394 -0.187467 -0.118709 -0.119963 0.091982 -0.001749 0.044160 0.013110 0.006442 -0.056411 0.105296 -0.058850 -0.020971 0.053424 0.069315 0.025169 -0.069168 -0.066373 0.169583 -0.002084 -0.061083 0.088605 0.264233 0.039551
3 0.083960 0.159905 -0.095370 0.273912 -0.078698 0.005094 0.195810 -0.230136 0.077434 -0.055440 0.011595 0.373361 0.170305 -0.344168 -0.345616 -0.046310 0.053121 0.034774 0.114016 0.048314 0.259370 0.199295 -0.298088 0.309218 0.026271 0.283883 -0.102229 -0.208695 -0.167477 -0.397193 0.105193 0.192900 0.322383 0.029479 0.181602 -0.082684 0.050928 0.017797 -0.000872 0.128636 -0.013141 -0.057788 -0.073585 0.145581 -0.191714 -0.299587 -0.212822 -0.100144 0.092963 0.143833
5 0.112580 -0.209632 -0.280852 -0.030688 -0.007311 -0.205975 0.008472 0.161351 -0.445798 0.036408 0.076945 -0.046033 -0.100724 0.397891 0.109482 0.113936 0.185470 -0.090703 -0.166715 -0.173031 0.212187 0.168951 0.408090 0.209981 -0.091978 -0.314580 -0.004337 0.170374 0.118702 0.566328 -0.004121 -0.049769 -0.012843 0.072065 -0.061772 -0.303950 -0.060811 -0.059261 -0.307649 -0.174204 0.306738 -0.150642 0.133854 -0.103916 -0.233360 0.204186 0.301124 0.188024 -0.165791 -0.071189
10 0.147795 -0.312729 -0.234156 -0.060847 -0.003090 -0.241616 -0.149748 0.247874 -0.368863 -0.165656 0.031197 -0.145951 -0.261188 0.340903 0.257588 0.047580 0.172571 -0.036201 -0.258815 -0.154026 0.127237 0.036096 0.623706 0.112763 -0.044644 -0.333586 0.009230 0.113757 0.237753 0.546900 0.010705 -0.060788 -0.148777 0.100764 0.107473 -0.308690 -0.257882 -0.173201 -0.369434 -0.091870 0.244327 -0.134199 0.139131 -0.088252 -0.122511 0.166841 0.298546 0.093201 -0.244526 -0.156523
12 -0.128861 0.010109 0.276303 -0.024629 0.131256 0.112147 -0.055161 -0.164323 0.181280 -0.106086 -0.093214 -0.063820 0.117471 -0.248642 0.066815 0.001038 -0.150161 -0.032247 -0.083750 0.065945 -0.090467 -0.321980 -0.294872 -0.180517 0.202139 0.042986 -0.023720 0.037450 -0.058805 -0.378162 0.037300 0.046566 -0.177661 -0.032076 -0.125863 0.298349 0.026040 -0.001317 0.421802 0.159055 -0.281358 0.068129 -0.028792 0.115689 0.208610 -0.298296 -0.262118 -0.165294 0.029961 -0.080404
15 -0.529725 -0.509510 -0.475647 -0.240563 0.225350 -0.238930 0.410873 0.339634 0.115603 0.459751 0.256773 -0.523419 0.369504 0.543397 0.466984 -0.016053 -0.572839 0.025048 0.109724 -0.123852 -0.123131 -0.124539 0.196710 -0.174568 -0.293030 -0.898627 0.319558 0.579375 -0.056954 0.555573 -0.559395 -0.319179 0.160616 -0.438974 0.371638 0.157795 -0.008268 0.161921 -0.203861 -0.058764 0.079308 0.144973 0.426806 0.087048 -0.194752 0.822875 -0.164554 0.644421 -0.400514 0.189370
13 -0.177029 -0.058916 -0.134614 -0.116611 -0.021805 -0.114099 0.248921 0.200538 0.222198 0.404006 0.164887 -0.326520 0.320232 0.185002 0.294580 -0.114968 -0.459634 -0.119464 0.147608 -0.054365 -0.192804 -0.151067 0.042122 -0.189135 -0.156346 -0.338327 0.358017 0.412187 -0.056849 0.120937 -0.481623 -0.216357 0.183377 -0.330728 0.139558 0.335557 0.123384 0.338150 0.031235 -0.056715 -0.160448 0.220386 0.138851 0.033107 -0.140698 0.560889 -0.116025 0.244826 -0.173772 0.231905
14 -0.542851 -0.256859 -0.068408 -0.204347 0.184152 -0.076837 0.328897 0.156466 0.377317 0.437655 0.096353 -0.439762 0.483400 0.186843 0.407679 -0.089530 -0.685223 -0.062660 0.156952 -0.015054 -0.284178 -0.388314 -0.191167 -0.342531 -0.085056 -0.634743 0.347379 0.552496 -0.151273 0.052747 -0.517520 -0.288013 0.079275 -0.432187 0.177316 0.491930 0.112150 0.272609 0.224718 0.045547 -0.249726 0.275675 0.295994 0.154471 -0.044586 0.559981 -0.415524 0.419471 -0.210663 0.207842
7 -0.575516 -0.021419 -0.084469 -0.318436 -0.009085 0.128521 0.277204 0.257169 0.699960 0.633054 0.015755 -0.401282 0.319167 0.251961 0.113562 -0.150597 -0.665347 0.108308 0.504322 0.105915 -0.445230 -0.117256 -0.401420 -0.379743 -0.364885 -0.401516 0.344077 0.422627 -0.113196 0.002249 -0.539557 -0.268215 0.170254 -0.509816 0.145924 0.355468 0.174816 0.394888 0.070476 -0.000311 -0.093918 0.415056 0.211809 -0.024604 0.010802 0.730715 -0.315306 0.580649 0.064756 0.319154
11 -0.327146 -0.071191 -0.120997 -0.168140 -0.023676 -0.068693 0.235323 0.228291 0.375889 0.452471 0.082504 -0.363494 0.315675 0.198742 0.266375 -0.128344 -0.539140 -0.066367 0.231432 0.013649 -0.258243 -0.171530 -0.095261 -0.252897 -0.212290 -0.381398 0.377373 0.471289 -0.104851 0.090177 -0.510605 -0.254633 0.180473 -0.375523 0.119731 0.344089 0.125555 0.364289 0.029272 -0.052626 -0.147145 0.295176 0.193236 0.007287 -0.108844 0.599267 -0.201463 0.378555 -0.104817 0.252471
<unk> -0.005112 -0.006647 -0.005048 -0.006586 0.005129 -0.005395 0.001855 0.007862 0.001832 0.004711 0.003645 -0.009763 0.000300 0.010308 0.009231 0.001324 -0.004426 0.000520 -0.001799 -0.001875 -0.003689 -0.002346 0.008367 -0.007325 -0.007160 -0.012390 0.004946 0.005857 0.002252 0.011232 -0.007480 -0.006136 -0.001931 -0.007048 0.003943 0.003233 -0.003523 -0.000011 -0.004908 -0.002809 0.002239 0.002208 0.003857 0.001976 0.000499 0.012330 0.003008 0.006851 -0.007469 0.003069
